x <-c(2,0,0,4)
x[3]
x[-4]
x[1] <- 3
x
x[-2]= 5
x
y <-c(1,9,9,9)
y < 9
y>5
y>=9
y<=1
y[1]== 1
y[2] != 10

